3
1
1
2
52
1.403449956363740e-01 -8.125280786845950e-01
5.947660760407422e-01 -6.898892671705628e-01
-3.667158166377869e-01 -8.079511960971347e-01
52
1.403449956363730e-01 -8.125280786845959e-01
5.947660760407423e-01 -6.898892671705624e-01
-3.667158166377872e-01 -8.079511960971341e-01
1.000000000000000e+00
0
1.000000000000000e+00
0.000000000000000e+00
10
1
0
0
52
-9.185757514873838e-01 1.022138876527591e+00
7.002767897819347e-01 -8.680243579726236e-01
6.029538527387951e-01 -5.490547481759342e-01
52
-9.185757514873875e-01 1.022138876527614e+00
7.002767897819351e-01 -8.680243579726258e-01
6.029538527388055e-01 -5.490547481759352e-01
1.000000000000000e+00
0
1.000000000000000e+00
0.000000000000000e+00
10
1
0
0
-1

2
1 0

3
69587067434062551414402595401989065405193397318407684687020048409105330634563928408509130630727268443706875865374143979758721455005929280461662483850897058598642378629094299478769058727038407601762825416317558147707376608512190469574420540650619009537309591887072703095843294913679385671210801823687849872633/80000000000000000000000000000000000000000000000000000000000000000000000000000000000000000000000000000000000000000000000000000000000000000000000000000000000000000000000000000000000000000000000000000000000000000000000000000000000000000000000000000000000000000000000000000000000000000000000000000000000000000000 3248859080949064161037080165882912338941593415573090613921725352056726796166249636306895613994217040954741571754936997695683132614789106810551043996563524601679729612772050031402544026701603260487959730364055607911321450957032985399303844476609656043701899192054050846634602544045007591118695268575790751773791/1000000000000000000000000000000000000000000000000000000000000000000000000000000000000000000000000000000000000000000000000000000000000000000000000000000000000000000000000000000000000000000000000000000000000000000000000000000000000000000000000000000000000000000000000000000000000000000000000000000000000000000000000000000000000000000000000000000000000000000000000000000000000000000000000000000000000000000000000000000000000000000000000000000000000000000000000000000000000000000000000000000000000000000000000000000000000000000000000000000000000000000000000000000000000000000000000000000000000000000000000000000000000000000
-139884113677818533568392354562902395876288094619345850343469597763266732154251009695738207607185719425935252700717641136448674201228439753117073918441760094356761047344018147312221850843431139676600542128321681084058575871675922281161426324810155833834801266356676743331825789754808202144590305561545014150469/1250000000000000000000000000000000000000000000000000000000000000000000000000000000000000000000000000000000000000000000000000000000000000000000000000000000000000000000000000000000000000000000000000000000000000000000000000000000000000000000000000000000000000000000000000000000000000000000000000000000000000000000 -23590096504799500748437391623228579144118028127616455930569610672410416921456212280223284227484162223489377016477586569404194595540358330338358827232401413781826767909357961928479002292875169927525926032083843071625907437558229588860370245737552611278794088639692382239095982707813101060438852629360570614007/125000000000000000000000000000000000000000000000000000000000000000000000000000000000000000000000000000000000000000000000000000000000000000000000000000000000000000000000000000000000000000000000000000000000000000000000000000000000000000000000000000000000000000000000000000000000000000000000000000000000000000000
-43097665236682968052289789803000787562488626615553397263034525618670514925668209275708444374367353571884480636322031078217335726181094106583087069370022007057376886151166573886826222767619014866953053991980471059317587679019346295553027359128269084066015414758539640631979578409220601197817111999863968829771/1562500000000000000000000000000000000000000000000000000000000000000000000000000000000000000000000000000000000000000000000000000000000000000000000000000000000000000000000000000000000000000000000000000000000000000000000000000000000000000000000000000000000000000000000000000000000000000000000000000000000000000000 126806973303500531882400641165012533935629330380048526887153002196623469036952756024372218092699871555580418998695829790690135985397647160225212315734987241830293235660869538836816743773110839868760652527250207589491546517341615047501437846364451462313733701226908211760473940196350485417926351576297653180231/500000000000000000000000000000000000000000000000000000000000000000000000000000000000000000000000000000000000000000000000000000000000000000000000000000000000000000000000000000000000000000000000000000000000000000000000000000000000000000000000000000000000000000000000000000000000000000000000000000000000000000000

0 0
1 3
8805895254550891938491993291553563129898938186607915364516442593548909852984700297594172334313766938943584146288944426365581270891011048049419691274571527354665343564730323148050502479894362849577835836008146286656750830233109952417145944642788743953081542712325710631835571593673769227868769899645959051730963/10000000000000000000000000000000000000000000000000000000000000000000000000000000000000000000000000000000000000000000000000000000000000000000000000000000000000000000000000000000000000000000000000000000000000000000000000000000000000000000000000000000000000000000000000000000000000000000000000000000000000000000000 -4733058956207343019503712151809504982395512370308793766870207745658747793802029544155105412053227521745709569905528216629771228299300130615428704704781919367893308044660863542318641367920316571235520918709380360639459465667456745263470604581187970667483269819929495658461774477108035717275100040915007534183247/10000000000000000000000000000000000000000000000000000000000000000000000000000000000000000000000000000000000000000000000000000000000000000000000000000000000000000000000000000000000000000000000000000000000000000000000000000000000000000000000000000000000000000000000000000000000000000000000000000000000000000000000
721668141296605285159092161700917921638953859941079167414788444147856554475851748401359273945435135389415930851504543509026695349084709297056417287086873082376031109975840243504977411902131022892670879736221674031806908754256298747054253001877826017296354760091678410789898427253735167830984070872988404342149/500000000000000000000000000000000000000000000000000000000000000000000000000000000000000000000000000000000000000000000000000000000000000000000000000000000000000000000000000000000000000000000000000000000000000000000000000000000000000000000000000000000000000000000000000000000000000000000000000000000000000000000 2174587299206280367873449236293889721125887308715271087209805918966011414423286485351633880062894488301865683539778287429651002846711040081182464795254548151885766023870288114261840451285648308317113914184207102535176831170142397181488577723449307781732309640871209451868133689199247712604773512492358616619747/2500000000000000000000000000000000000000000000000000000000000000000000000000000000000000000000000000000000000000000000000000000000000000000000000000000000000000000000000000000000000000000000000000000000000000000000000000000000000000000000000000000000000000000000000000000000000000000000000000000000000000000000
-3678045925444261936819998125666198268312385025043591112515354541747585905722058431243914530220991028784367663889402196281138975325573245320818977472256961512162043405079762443715802834430413571864258110397935571146814541907711365637459282194941039142545456115033822836283378807333266877412637706417410689068371/5000000000000000000000000000000000000000000000000000000000000000000000000000000000000000000000000000000000000000000000000000000000000000000000000000000000000000000000000000000000000000000000000000000000000000000000000000000000000000000000000000000000000000000000000000000000000000000000000000000000000000000000 -908042939806888989742287630038947630820566080191151961382545553432617296753325118502833237535717093466873561573963486497856981761389374753465931774550881665924763249636626026129479816919997131853929134575122097402545618906723003802935277355601429990198958875355675136531862459432935056180479715202319922545769/500000000000000000000000000000000000000000000000000000000000000000000000000000000000000000000000000000000000000000000000000000000000000000000000000000000000000000000000000000000000000000000000000000000000000000000000000000000000000000000000000000000000000000000000000000000000000000000000000000000000000000000

3
-2110863297896366133866755430693683029066213440112366127695224494567929430313405904327595085610039433884732322545843453623217946940164753260808527022227084093482861744084241444329875704520917729906415361801601128612045947972409599838738506138390191838372160872250581180878520370260462704711142085361714191109323/10000000000000000000000000000000000000000000000000000000000000000000000000000000000000000000000000000000000000000000000000000000000000000000000000000000000000000000000000000000000000000000000000000000000000000000000000000000000000000000000000000000000000000000000000000000000000000000000000000000000000000000000 -283635468228908300741497121268221170532662391557283579292419424048467791580446645718444000431862877367877957088395449737058887566351296018241892914476841993563687382166760126095650012492029454110083227911203029401743018491071390312879263271402725229381265919589521638224583539472738001064192859402500795222703/2500000000000000000000000000000000000000000000000000000000000000000000000000000000000000000000000000000000000000000000000000000000000000000000000000000000000000000000000000000000000000000000000000000000000000000000000000000000000000000000000000000000000000000000000000000000000000000000000000000000000000000000
6776332725174486486897666040918594074994797361937844575229338224398958137537832007127088864641128607595925953915459482978107672114134189044514510439939538286368530405728723442768425351053419325769303387261858835735221316028664947222075855601606277622770554535204600795153978724096888026723510753261043735444539/10000000000000000000000000000000000000000000000000000000000000000000000000000000000000000000000000000000000000000000000000000000000000000000000000000000000000000000000000000000000000000000000000000000000000000000000000000000000000000000000000000000000000000000000000000000000000000000000000000000000000000000000 1195261815701038579457462572473046093231088940336409102902759260219675960454886342244721102233394473751236660932335545752516611959525313078754715430211023931343288194355488227540625885175385505128691643498491570215805470655646296755968498082329981097828103782141344005739440853779598889138530990597555876153799/5000000000000000000000000000000000000000000000000000000000000000000000000000000000000000000000000000000000000000000000000000000000000000000000000000000000000000000000000000000000000000000000000000000000000000000000000000000000000000000000000000000000000000000000000000000000000000000000000000000000000000000000
-2160860021534693773799673298150777668123293681411045362873912018270292942614901549153769774602976056339617773611945071986814247580497436709598339957099332735555400322123418198808603783025717022871289386727805427198311401388437548273512678101432117399371441652433148570711348514443620742665790733562777650035523/5000000000000000000000000000000000000000000000000000000000000000000000000000000000000000000000000000000000000000000000000000000000000000000000000000000000000000000000000000000000000000000000000000000000000000000000000000000000000000000000000000000000000000000000000000000000000000000000000000000000000000000000 4893517989234844798777421983080620810853528718032224851857370674884408220072899217373820539473062991935689006534300696215158809391361130674598027108417162597723976407630958175679515828581053730699356265113664304888992108811404673757728711629503596512554551821523700195050794867755359999818087050597933227591221/10000000000000000000000000000000000000000000000000000000000000000000000000000000000000000000000000000000000000000000000000000000000000000000000000000000000000000000000000000000000000000000000000000000000000000000000000000000000000000000000000000000000000000000000000000000000000000000000000000000000000000000000

